Enemies:
1 500 500
*
Items:
1 519 1212
1 943 1090
1 421 606
1 690 862
1 781 972
1 1209 945
1 908 1242
1 1190 627
1 92 1229
1 1185 483
1 802 1202
1 364 1076
1 144 603
1 980 277
1 1067 247
1 579 1244
1 551 333
1 883 78
1 366 149
1 61 269
1 447 1267
1 911 414
1 755 657
1 636 534
1 347 599
1 622 1121
1 838 330
1 887 47
1 415 1150
1 452 636
1 434 185
1 50 186
1 1039 934
1 1275 924
1 903 947
1 649 641
1 1107 136
1 619 636
1 597 1059
1 613 1276
1 886 148
1 161 541
1 558 338
1 772 394
1 802 825
1 412 12
1 999 1057
1 309 948
1 228 1052
1 267 1185
1 86 1099
1 1177 111
1 110 861
1 1168 60
1 1173 678
1 227 856
1 207 984
1 255 1160
1 573 352
1 280 247
1 956 863
1 1183 698
1 428 835
1 208 1022
1 459 258
1 615 721
1 63 1011
1 114 1161
1 690 329
1 322 1237
1 663 44
1 891 862
1 652 373
1 1099 25
1 984 6
1 951 300
1 1043 196
1 785 634
1 997 51
1 1158 461
1 998 172
1 979 415
1 933 61
1 536 133
1 197 285
1 965 57
1 577 970
1 689 322
1 463 705
1 1097 322
1 98 986
1 997 220
1 202 61
1 1078 831
1 631 1028
1 988 84
1 1115 879
1 1044 128
1 237 702
1 911 1046
